Table name: Statistics for Alpha Persei-ARI-Gaia-2d
dataLocation: Alpha Persei-ARI-Gaia-2d
statRows: 475
subset: cluster
+--------------------------+----------------------+---------------------+-----------------------------+-----------------------------+-------+
| Name                     | Mean                 | SD                  | Minimum                     | Maximum                     | nGood |
+--------------------------+----------------------+---------------------+-----------------------------+-----------------------------+-------+
| source_id                |                      |                     | 243185278842565376          | 442937954313019392          | 475   |
| designation              |                      |                     | Gaia DR2 243185278842565376 | Gaia DR2 442937954313019392 | 475   |
| ra                       | 51.20534970886731    | 1.2910630702972412  | 48.28086910843339           | 53.94749512048056           | 475   |
| dec                      | 49.3965453705238     | 0.8477218151092529  | 47.90946345129159           | 51.804311912529684          | 475   |
| l                        | 146.8921051583228    | 0.8719515204429626  | 144.77845634190624          | 148.51528455758748          | 475   |
| ecl_lon                  | 62.01888419452661    | 0.9488943219184875  | 59.85710041130949           | 64.25998543077891           | 475   |
| ecl_lat                  | 29.660487519280384   | 0.8624844551086426  | 28.1430140653147            | 32.04657579740683           | 475   |
| parallax                 | 5.729025033810233    | 0.242272287607193   | 5.035960226985257           | 6.499920899288405           | 475   |
| pmra                     | 23.05849676104764    | 0.9342163801193237  | 20.215169959324502          | 26.47440230246115           | 475   |
| pmdec                    | -25.436117194495015  | 1.0563700199127197  | -29.303681754293052         | -22.272641366960734         | 475   |
| phot_g_mean_mag          | 15.195550991861444   | 3.3516438007354736  | 4.9245744                   | 20.594486                   | 475   |
| phot_bp_mean_mag         | 16.52058235127875    | 3.990976333618164   | 4.9169083                   | 21.931362                   | 470   |
| phot_rp_mean_mag         | 14.110868165848103   | 2.9563841819763184  | 5.030948                    | 18.871191                   | 470   |
| ra_error                 | 0.09458152136870565  | 0.09247887879610062 | 0.0157342576445643          | 0.8418184732880535          | 475   |
| dec_error                | 0.07326700786293466  | 0.06965421885251999 | 0.012543637706865896        | 0.6071027151128678          | 475   |
| parallax_error           | 0.12565050281819823  | 0.1187548115849495  | 0.02029125912059099         | 1.0014849185910666          | 475   |
| pmra_error               | 0.2655297173028168   | 0.2740797698497772  | 0.040924256965216135        | 2.764433462720838           | 475   |
| pmdec_error              | 0.20291958996957718  | 0.19826945662498474 | 0.03247352717110774         | 1.961233466582473           | 475   |
| astrometric_excess_noise | 0.4374200726049784   | 0.4670719802379608  | 0.0                         | 3.4131043162170456          | 475   |
| astrometric_gof_al       | 9.606595056621652    | 14.035176277160645  | -5.9400115                  | 120.35114                   | 475   |
| bp_g                     | 1.33577617178572     | 0.6648142337799072  | -0.0271101                  | 2.3627777                   | 470   |
| bp_rp                    | 2.4097141854306483   | 1.0620473623275757  | -0.1140399                  | 3.7831879                   | 470   |
| dec_parallax_corr        | -0.02889882308381953 | 0.10615066438913345 | -0.38018265                 | 0.35179746                  | 475   |
| dec_pmdec_corr           | 0.14760349286511834  | 0.12034568190574646 | -0.3098108                  | 0.49032804                  | 475   |
| dec_pmra_corr            | 0.016788916576065516 | 0.09865623712539673 | -0.37360516                 | 0.35596368                  | 475   |
| g_rp                     | 1.0739380136449286   | 0.4153951406478882  | -0.10637379                 | 1.896656                    | 470   |
| lum_val                  | 1.245085910220559    | 2.0943424701690674  | 0.043766793                 | 13.780353                   | 130   |
| parallax_pmdec_corr      | 0.014928071506284666 | 0.12733116745948792 | -0.41372526                 | 0.4590518                   | 475   |
| parallax_pmra_corr       | 0.12282817173378517  | 0.16817185282707214 | -0.40018192                 | 0.5991853                   | 475   |
| phot_bp_mean_flux        | 2203461.2781877327   | 1.3236793E7         | 23.33511995842995           | 1.4920796537395474E8        | 470   |
| phot_bp_mean_flux_error  | 3669.1307833826495   | 24579.693359375     | 3.572373325926647           | 305365.8434364152           | 470   |
| phot_bp_n_obs            | 28.362105263157893   | 5.428136825561523   | 0                           | 40                          | 475   |
| phot_rp_mean_flux        | 1332644.6926243308   | 7169812.5           | 227.13877128747893          | 7.805284775044689E7         | 470   |
| phot_rp_mean_flux_error  | 4065.7378262208213   | 32085.318359375     | 4.761556555299089           | 547087.2207421635           | 470   |
| phot_rp_n_obs            | 29.157894736842106   | 4.882440567016602   | 0                           | 39                          | 475   |
| pmra_pmdec_corr          | 0.13305349752999301  | 0.149560809135437   | -0.47436216                 | 0.7221717                   | 475   |
| ra_dec_corr              | 0.26686288830481075  | 0.09955553710460663 | -0.16967955                 | 0.80002743                  | 475   |
| radial_velocity          | -0.4732811562902806  | 5.247244358062744   | -12.528238553879653         | 26.45301240565822           | 69    |
| radial_velocity_error    | 3.6570488807020984   | 3.227140188217163   | 0.5734318897027586          | 12.922946022639474          | 69    |
| random_index             | 8.229159051431578E8  | 5.01157824E8        | 4306556                     | 1684816554                  | 475   |
| ra_parallax_corr         | 0.02584622002476336  | 0.11990737169981003 | -0.4957025                  | 0.38102934                  | 475   |
| ra_pmdec_corr            | 0.05410433138726818  | 0.10102754831314087 | -0.2894214                  | 0.4179077                   | 475   |
| ra_pmra_corr             | -0.09419036656005406 | 0.16303671896457672 | -0.55042356                 | 0.41229522                  | 475   |
| ref_epoch                | 2015.5               | 0.0                 | 2015.5                      | 2015.5                      | 475   |
| teff_val                 | 4881.303826707409    | 1507.260498046875   | 3279.0                      | 9661.667                    | 310   |
| visibility_periods_used  | 13.338947368421053   | 0.8005648851394653  | 9                           | 14                          | 475   |
+--------------------------+----------------------+---------------------+-----------------------------+-----------------------------+-------+
